cad9e8b0-4da7-48c2-b11e-291d246e098b,0,VG Wiesenblick,-2652.02954582416,2195.2949640657753,0.0,-2645.2857741264743,2330.812754851766,0.0,
0a3abbd1-4d02-479f-8e8a-6744816f98fa,1,Kurve Graben,-2645.2857741264743,2330.812754851766,0.0,-2622.5549101618235,2331.0168335270137,0.0,-2598.7035587431164,2330.8065532352775,0.0,-2578.085428858991,2331.44150913693,0.0,-2544.0009015873657,2332.624600005336,0.0,-2529.2913306262344,2332.1876929495484,0.0,-2512.599860313814,2331.1803653473035,0.0,-2494.9415037237923,2329.5214829212055,0.0,-2472.031000933028,2326.7808452891186,0.0,-2452.5699934965232,2323.8965777214617,0.0,-2437.790283025359,2321.4987109359354,0.0,-2415.691914732917,2316.591987277381,0.0,-2401.2555115605937,2314.143196974881,0.0,-2380.3978275562404,2312.8958829743788,0.0,-2357.9294915804057,2312.669490684755,0.0,-2335.378628017963,2314.6660462999716,0.0,-2318.630625111051,2316.5812070583925,0.0,-2297.508464542858,2319.654451704584,0.0,-2280.1923814240145,2322.408312995918,0.0,-2221.9774710747297,2332.1433510202914,0.0,
a1089f2f-ee87-4453-8c01-9b7db5da46cc,0,Keeve,-2245.2790128666093,2244.8916637273505,0.0,-2429.5815241115633,2262.5260529685766,0.0,
7d6ffd34-9364-4f84-ab29-a0a0a3b1d581,0,VG Keeve,-2429.5815241115633,2262.5260529685766,0.0,-2437.410929310019,2158.2678971691057,0.0,
97d19d3d-8937-49ad-bae1-2602c1b1d245,0,VG Strasse,-2230.3744751039776,2307.106101155281,0.0,-2245.2790128666093,2244.8916637273505,0.0,
ff3f2a84-9bc5-453d-91ab-0d62396e6bd9,0,An Aa,-2630.916646672529,2187.7674726359546,0.0,-2436.0359075216693,2156.675068579614,0.0,
fc4b05fd-64ef-466d-b75d-b6042f6948e6,0,Kurve Graben,-2695.2837591187563,2330.3638707902282,0.0,-2693.283839719312,2330.3818261539564,0.0,
62be094f-640c-4bd4-8094-abbd19584dff,0,Kurve Graben,-2693.283839719312,2330.3818261539564,0.0,-2691.283920319751,2330.399781515822,0.0,
20f96b77-58e5-4233-8ae1-376dd8b196ff,0,Kurve Graben,-2691.283920319751,2330.399781515822,0.0,-2689.2840009198408,2330.4177368786186,0.0,
5562c284-66d2-4eeb-a8d1-a1b3c7856a31,0,Kurve Graben,-2689.2840009198408,2330.4177368786186,0.0,-2687.284081519814,2330.4356922414154,0.0,
15fbf611-8ece-424f-b616-f6962c708e1e,0,Kurve Graben,-2687.284081519814,2330.4356922414154,0.0,-2685.2841621194966,2330.453647604212,0.0,
f504e281-1507-4bcd-a7c6-98a15ef62b3c,0,Kurve Graben,-2685.2841621194966,2330.453647604212,0.0,-2683.2842427209252,2330.4716029651463,0.0,
d7a9a9b5-37f8-4383-ba0a-46ea3f894352,0,Kurve Graben,-2683.2842427209252,2330.4716029651463,0.0,-2681.2843233202584,2330.4895583288744,0.0,
7bd4012a-0fc0-4e91-9481-48b1f8d06aea,0,Kurve Graben,-2681.2843233202584,2330.4895583288744,0.0,-2679.2844039212796,2330.50751369074,0.0,
428ee57a-4fc0-42a9-8f98-bb58b17642c9,0,Kurve Graben,-2679.2844039212796,2330.50751369074,0.0,-2677.2844845219515,2330.5254690526053,0.0,
df5d0055-c014-41c8-a2c7-3d1ad265cd5b,0,Kurve Graben,-2677.2844845219515,2330.5254690526053,0.0,-2675.284565122507,2330.543424415402,0.0,
ab3e48e8-6f69-4117-87bd-cc94a5e785b1,0,Kurve Graben,-2675.284565122507,2330.543424415402,0.0,-2673.284645722888,2330.5613797772676,0.0,
7ec84287-0fca-4f6a-ab0b-4b7de9b6e01a,0,Kurve Graben,-2673.284645722888,2330.5613797772676,0.0,-2671.2847263229196,2330.5793351400644,0.0,
f46f5350-60c0-45f5-9231-fa06ef197e5a,0,Kurve Graben,-2671.2847263229196,2330.5793351400644,0.0,-2669.2848069227766,2330.597290502861,0.0,
22fab967-3fad-40cd-9e29-9ec20a047a9f,0,Kurve Graben,-2669.2848069227766,2330.597290502861,0.0,-2667.2848875225172,2330.6152458647266,0.0,
957f4a30-1d28-4b73-b50b-7cc026e8fcb9,0,Kurve Graben,-2667.2848875225172,2330.6152458647266,0.0,-2665.2849681238877,2330.6332012256607,0.0,
6365233d-861f-4eb4-8f5e-80792a6162ab,0,Kurve Graben,-2665.2849681238877,2330.6332012256607,0.0,-2663.285048724967,2330.6511565884575,0.0,
4d9b6884-19b8-497b-a8cf-7e8d08996129,0,Kurve Graben,-2663.285048724967,2330.6511565884575,0.0,-2661.2851293238346,2330.6691119549796,0.0,
305f1365-6d22-4fc5-a00d-9fdd7bf58c21,0,Kurve Graben,-2661.2851293238346,2330.6691119549796,0.0,-2659.2852099245647,2330.6870673159137,0.0,
d7484471-caea-42ca-9dd2-52cfe63a19dd,0,Kurve Graben,-2659.2852099245647,2330.6870673159137,0.0,-2657.2852905249456,2330.7050226787105,0.0,
b02afd04-0627-48bb-9550-c0c0a08817d2,0,Kurve Graben,-2657.2852905249456,2330.7050226787105,0.0,-2655.285371125152,2330.7229780396447,0.0,
07a9e81d-b8d0-43aa-8dee-e6e26358c82c,0,Kurve Graben,-2655.285371125152,2330.7229780396447,0.0,-2653.285451725067,2330.7409334033728,0.0,
409a0ca7-5a03-4fd5-9f08-71355bbc2484,0,Kurve Graben,-2653.285451725067,2330.7409334033728,0.0,-2651.285532326787,2330.758888765238,0.0,
0ad74888-1d05-4234-a4a2-10c3a3fef092,0,Kurve Graben,-2651.285532326787,2330.758888765238,0.0,-2649.2856129262946,2330.776844128035,0.0,
200701e0-8965-44e9-8256-263ebb45dc06,0,Kurve Graben,-2649.2856129262946,2330.776844128035,0.0,-2647.2856935275486,2330.7947994899005,0.0,
40cfb833-26ab-4b78-aade-d9c0bd780791,0,Kurve Graben,-2647.2856935275486,2330.7947994899005,0.0,-2645.2857741264743,2330.812754851766,0.0,
07036692-2ae8-4b14-9e7b-c3e6a43a071c,0,Kurve Graben,-2645.2857741264743,2330.812754851766,0.0,-2643.285854727146,2330.8307102145627,0.0,
daabf586-8eda-4ddf-8adc-cd2069679804,0,Kurve Graben,-2643.285854727146,2330.8307102145627,0.0,-2641.2859353277017,2330.848665576428,0.0,
c7ee095d-fc97-4e70-9949-8128d85bc7d1,0,Kurve Graben,-2641.2859353277017,2330.848665576428,0.0,-2639.286015927966,2330.8666209401563,0.0,
0ae59cd6-963c-4dc8-ae30-920972182d27,0,Kurve Graben,-2639.286015927966,2330.8666209401563,0.0,-2637.2860965279397,2330.884576300159,0.0,
063c527b-3e0d-4dc4-a115-e759dc6b26c8,0,Kurve Graben,-2637.2860965279397,2330.884576300159,0.0,-2635.2861771296593,2330.9025316620246,0.0,
3391ec3e-dbb2-4556-bcd8-1c6793466297,0,Kurve Graben,-2635.2861771296593,2330.9025316620246,0.0,-2633.286257729167,2330.9204870257527,0.0,
89e91ddf-84be-4640-a3a9-02a0fc3054d5,0,Kurve Graben,-2633.286257729167,2330.9204870257527,0.0,-2631.2863383303047,2330.9384423885494,0.0,
c5194fa7-9b6a-409b-b254-578ffa23b830,0,Kurve Graben,-2631.2863383303047,2330.9384423885494,0.0,-2629.286418929347,2330.956397750415,0.0,
b6c9dc47-67cf-4f9a-b28d-9f1eec8204e7,0,Kurve Graben,-2629.286418929347,2330.956397750415,0.0,-2627.286499530077,2330.9743531132117,0.0,
e029b6ea-ba8d-4d74-8887-d16049b67418,0,Kurve Graben,-2627.286499530077,2330.9743531132117,0.0,-2625.286580130516,2330.9923084760085,0.0,
7ddddb82-c63e-4fb3-b618-d8989c413d2e,0,Kurve Graben,-2625.286580130516,2330.9923084760085,0.0,-2623.286660730839,2331.010263837874,0.0,
8efe7854-a0e0-4b66-b799-407cd871cbe0,1,Kurve Graben,-2623.286660730839,2331.010263837874,0.0,-2622.5549101618235,2331.0168335270137,0.0,-2621.286739505944,2331.0056529743597,0.0,
2d14fecf-2b1c-4b6b-9f31-cfdb31f78c95,0,Kurve Graben,-2621.286739505944,2331.0056529743597,0.0,-2619.2868172286544,2330.988021088764,0.0,
e45dd630-e18a-46aa-b56f-9457853fba3e,0,Kurve Graben,-2619.2868172286544,2330.988021088764,0.0,-2617.2868949512485,2330.9703892068937,0.0,
70bf3018-3220-4318-a6d6-9dea8db80051,0,Kurve Graben,-2617.2868949512485,2330.9703892068937,0.0,-2615.28697267361,2330.952757324092,0.0,
3eebf0eb-e12b-4dec-ba44-aa7e3be1f7f1,0,Kurve Graben,-2615.28697267361,2330.952757324092,0.0,-2613.2870503958547,2330.935125440359,0.0,
3786e6eb-bfd7-40c8-9d03-4b57cd1f8d5c,0,Kurve Graben,-2613.2870503958547,2330.935125440359,0.0,-2611.287128117867,2330.9174935575575,0.0,
6942eb0c-44ce-4082-a8be-87c7b37f4c38,0,Kurve Graben,-2611.287128117867,2330.9174935575575,0.0,-2609.287205839646,2330.899861674756,0.0,
23284bef-fefc-4f49-83bd-58249561668b,0,Kurve Graben,-2609.287205839646,2330.899861674756,0.0,-2607.287283563346,2330.882229791954,0.0,
e713ae9f-09d1-4742-8617-6ae6b0f52de6,0,Kurve Graben,-2607.287283563346,2330.882229791954,0.0,-2605.287361284776,2330.8645979063585,0.0,
ffb92c95-d98a-40c0-b0e6-45754f2ae905,0,Kurve Graben,-2605.287361284776,2330.8645979063585,0.0,-2603.2874390080106,2330.846966024488,0.0,
9385892c-e31b-47cc-a365-b6f7b20f91a0,0,Kurve Graben,-2603.2874390080106,2330.846966024488,0.0,-2601.2875167291495,2330.829334143549,0.0,
692b061f-6d38-40db-9aa0-2a2587381e80,0,Kurve Graben,-2601.2875167291495,2330.829334143549,0.0,-2599.2875944520347,2330.811702258885,0.0,
ca368e4a-4d91-4051-95ae-23b64d8f7804,1,Kurve Graben,-2599.2875944520347,2330.811702258885,0.0,-2598.7035587431164,2330.8065532352775,0.0,-2597.2882881076075,2330.8501379070804,0.0,
5845f87d-2728-49e6-82a6-b90463697b95,0,Kurve Graben,-2597.2882881076075,2330.8501379070804,0.0,-2595.289235826989,2330.9117007171735,0.0,
13cd24c6-7b97-410e-b26b-e9cb91544939,0,Kurve Graben,-2595.289235826989,2330.9117007171735,0.0,-2593.290183546662,2330.9732635291293,0.0,
4b1bac4d-48cc-425f-adff-3ff6789cf5ce,0,Kurve Graben,-2593.290183546662,2330.9732635291293,0.0,-2591.2911312647047,2331.0348263420165,0.0,
5d203e93-8507-4f9b-b02e-5fb1166bcbe9,0,Kurve Graben,-2591.2911312647047,2331.0348263420165,0.0,-2589.2920789850177,2331.096389153041,0.0,
882d3f78-4320-484d-9d34-9b148406cc05,0,Kurve Graben,-2589.2920789850177,2331.096389153041,0.0,-2587.2930267035263,2331.157951963134,0.0,
b822cf41-93c8-44a8-ad6a-aabb377f2a4e,0,Kurve Graben,-2587.2930267035263,2331.157951963134,0.0,-2585.293974424363,2331.2195147760212,0.0,
f1770eb9-d9f0-44fd-9d4a-2a378121858c,0,Kurve Graben,-2585.293974424363,2331.2195147760212,0.0,-2583.29492214357,2331.2810775870457,0.0,
5022f137-97a4-4f3d-96f8-a68fbaff986d,0,Kurve Graben,-2583.29492214357,2331.2810775870457,0.0,-2581.2958698631264,2331.34264039807,0.0,
6e5ec568-c10f-40c1-9f4d-a099b784bac0,0,Kurve Graben,-2581.2958698631264,2331.34264039807,0.0,-2579.2968175829155,2331.404203210026,0.0,
c3720785-135e-4be2-970c-c44d78f233cc,1,Kurve Graben,-2579.2968175829155,2331.404203210026,0.0,-2578.085428858991,2331.44150913693,0.0,-2577.2978661755333,2331.468845827505,0.0,
4b14ce97-c189-4d94-b44f-c5decdcec2fc,0,Kurve Graben,-2577.2978661755333,2331.468845827505,0.0,-2575.2990699054208,2331.5382250389084,0.0,
9389ca8f-b816-4bb1-a20c-fe7e39ba1efa,0,Kurve Graben,-2575.2990699054208,2331.5382250389084,0.0,-2573.300273636065,2331.6076042521745,0.0,
1579bd8d-06f8-4c6f-9c5c-ed5ff018431c,0,Kurve Graben,-2573.300273636065,2331.6076042521745,0.0,-2571.3014773676405,2331.6769834617153,0.0,
755a3461-adc0-4826-88f0-450c0615e85b,0,Kurve Graben,-2571.3014773676405,2331.6769834617153,0.0,-2569.3026810999145,2331.74636267405,0.0,
61d708f7-37ef-45dc-ab9a-d2d3ff5d5c13,0,Kurve Graben,-2569.3026810999145,2331.74636267405,0.0,-2567.30388482922,2331.8157418854535,0.0,
76fbd7c5-9868-4ec7-88ae-9ccc8167083c,0,Kurve Graben,-2567.30388482922,2331.8157418854535,0.0,-2565.3050885611447,2331.885121096857,0.0,
a881e4aa-3c09-4ce2-a1e2-1ae3650f8e2a,0,Kurve Graben,-2565.3050885611447,2331.885121096857,0.0,-2563.30629229208,2331.954500307329,0.0,
12d00588-93a0-404b-9c5b-fe0769bfcee3,0,Kurve Graben,-2563.30629229208,2331.954500307329,0.0,-2561.307496021909,2332.02387951687,0.0,
c190abb8-2d7e-4172-9c40-991222b3d518,0,Kurve Graben,-2561.307496021909,2332.02387951687,0.0,-2559.308699754416,2332.0932587292045,0.0,
546fa84b-272c-4c7b-b183-ecb07b9d3a39,0,Kurve Graben,-2559.308699754416,2332.0932587292045,0.0,-2557.309903483838,2332.1626379415393,0.0,
64440a67-c591-4500-b834-d6d6ee6e8e21,0,Kurve Graben,-2557.309903483838,2332.1626379415393,0.0,-2555.3111072160536,2332.2320171501487,0.0,
3f6deb98-3f25-4cdc-90fa-d28508b9667c,0,Kurve Graben,-2555.3111072160536,2332.2320171501487,0.0,-2553.3123109471053,2332.3013963624835,0.0,
eb23ad2b-689d-44e2-8441-db10a884d47a,0,Kurve Graben,-2553.3123109471053,2332.3013963624835,0.0,-2551.313514676993,2332.3707755757496,0.0,
0484a8b0-dd03-4e0c-98a5-f56a16a7c54d,0,Kurve Graben,-2551.313514676993,2332.3707755757496,0.0,-2549.314718407695,2332.4401547852904,0.0,
36bfcc13-d54f-43fa-a43c-4993c25ac604,0,Kurve Graben,-2549.314718407695,2332.4401547852904,0.0,-2547.3159221392707,2332.509533996694,0.0,
d2fa1410-2ce6-430e-b1f8-40a3ec3a0b39,0,Kurve Graben,-2547.3159221392707,2332.509533996694,0.0,-2545.3171258695074,2332.5789132090285,0.0,
387963e8-a7af-48c2-af0a-54ebb5a68301,1,Kurve Graben,-2545.3171258695074,2332.5789132090285,0.0,-2544.0009015873657,2332.624600005336,0.0,-2543.318219609675,2332.6043228283525,0.0,
da600eee-6a67-4854-b31d-3b193bafd1ae,0,Kurve Graben,-2543.318219609675,2332.6043228283525,0.0,-2541.319101248053,2332.5449445554987,0.0,
5b436aa5-5517-41bb-929f-1101f59c6875,0,Kurve Graben,-2541.319101248053,2332.5449445554987,0.0,-2539.3199828891666,2332.485566283576,0.0,
19b5ac49-601b-4ad0-b144-02f767a94d85,0,Kurve Graben,-2539.3199828891666,2332.485566283576,0.0,-2537.3208645267296,2332.4261880107224,0.0,
7d527df7-6edc-44cc-bcea-07d40e64b7d3,0,Kurve Graben,-2537.3208645267296,2332.4261880107224,0.0,-2535.3217461670283,2332.3668097378686,0.0,
cbc7ab6c-bbc0-4f7a-a3dc-3b6d3f1755fe,0,Kurve Graben,-2535.3217461670283,2332.3668097378686,0.0,-2533.3226278059883,2332.3074314640835,0.0,
64ea66f3-9f9c-4719-acde-5e78a110982f,0,Kurve Graben,-2533.3226278059883,2332.3074314640835,0.0,-2531.3235094455304,2332.248053192161,0.0,
0370886d-3a50-412f-8bac-75dc86fdadeb,0,Kurve Graben,-2531.3235094455304,2332.248053192161,0.0,-2529.3243910837336,2332.1886749193072,0.0,
8524bbd9-2515-4537-b025-8d039d541602,1,Kurve Graben,-2529.3243910837336,2332.1886749193072,0.0,-2529.2913306262344,2332.1876929495484,0.0,-2527.3279777818825,2332.0692049171776,0.0,
983eda06-8b94-4c82-bdcb-c72d5df7b715,0,Kurve Graben,-2527.3279777818825,2332.0692049171776,0.0,-2525.331609965302,2331.9487244328484,0.0,
44c8cee9-a49b-4daf-b590-8632ded488ff,0,Kurve Graben,-2525.331609965302,2331.9487244328484,0.0,-2523.335242151865,2331.8282439494506,0.0,
b2f915aa-1e42-412a-9719-d5217d1a0941,0,Kurve Graben,-2523.335242151865,2331.8282439494506,0.0,-2521.33887433575,2331.7077634651214,0.0,
bb433b58-9916-499b-9abf-d461d4dacf14,0,Kurve Graben,-2521.33887433575,2331.7077634651214,0.0,-2519.3425065206247,2331.587282982655,0.0,
928adad3-91c5-4598-b89d-28f0060396e3,0,Kurve Graben,-2519.3425065206247,2331.587282982655,0.0,-2517.346138706722,2331.4668024983257,0.0,
58c2be96-c5b3-4899-9a96-ac35279aca5e,0,Kurve Graben,-2517.346138706722,2331.4668024983257,0.0,-2515.349770890083,2331.3463220167905,0.0,
2109392e-bc44-418c-ba3b-0773714b298f,0,Kurve Graben,-2515.349770890083,2331.3463220167905,0.0,-2513.3534030765877,2331.2258415333927,0.0,
fdad925f-11d5-4eb1-818d-a68641c98d55,1,Kurve Graben,-2513.3534030765877,2331.2258415333927,0.0,-2512.599860313814,2331.1803653473035,0.0,-2511.3602321140934,2331.0639107143506,0.0,
1b45f5cc-f626-4b56-a1f0-9c7f69d5e1cd,0,Kurve Graben,-2511.3602321140934,2331.0639107143506,0.0,-2509.368999448372,2330.8768479563296,0.0,
6cf0bcf0-7ecd-41fd-84c1-309b4cdd88c6,0,Kurve Graben,-2509.368999448372,2330.8768479563296,0.0,-2507.3777667839313,2330.68978519924,0.0,
66ecff88-998b-435b-83e3-8b4b88b1ce7f,0,Kurve Graben,-2507.3777667839313,2330.68978519924,0.0,-2505.386534118734,2330.502722441219,0.0,
a12b15a3-c43c-412e-a199-c244547ebd1d,0,Kurve Graben,-2505.386534118734,2330.502722441219,0.0,-2503.395301454817,2330.315659684129,0.0,
a70186f2-7759-4075-bd74-fa9a587360b8,0,Kurve Graben,-2503.395301454817,2330.315659684129,0.0,-2501.4040687902016,2330.1285969270393,0.0,
6b8f9c7e-3783-48ac-a743-764d656eb64e,0,Kurve Graben,-2501.4040687902016,2330.1285969270393,0.0,-2499.4128361248877,2329.9415341699496,0.0,
a0f51752-1d29-4c5e-9bb1-10f40949f16c,0,Kurve Graben,-2499.4128361248877,2329.9415341699496,0.0,-2497.4216034609126,2329.75447141286,0.0,
bd86d78d-d586-412d-9e14-1e2eea1c739d,0,Kurve Graben,-2497.4216034609126,2329.75447141286,0.0,-2495.4303707960644,2329.56740865577,0.0,
6d7e4597-2436-4663-a018-e35751e6aa19,1,Kurve Graben,-2495.4303707960644,2329.56740865577,0.0,-2494.9415037237923,2329.5214829212055,0.0,-2493.443205368705,2329.3422510251403,0.0,
53bf1982-d2ec-4a73-8f8c-3d3e7fb4ecfd,0,Kurve Graben,-2493.443205368705,2329.3422510251403,0.0,-2491.457363413938,2329.104697391391,0.0,
1305d454-738c-44b9-a0dd-448b6aec94c9,0,Kurve Graben,-2491.457363413938,2329.104697391391,0.0,-2489.471521458181,2328.8671437585726,0.0,
dda1c3c0-da67-4c0c-87bd-06c3700acc80,0,Kurve Graben,-2489.471521458181,2328.8671437585726,0.0,-2487.4856795035303,2328.629590124823,0.0,
f1a29fe1-e43e-4f0f-b43b-db883f880c54,0,Kurve Graben,-2487.4856795035303,2328.629590124823,0.0,-2485.4998375480645,2328.392036489211,0.0,
58b0055c-5748-4f8a-aa06-040fa126b378,0,Kurve Graben,-2485.4998375480645,2328.392036489211,0.0,-2483.5139955917257,2328.1544828554615,0.0,
98f34727-bb61-40ba-a1b2-9e153e5c4aa4,0,Kurve Graben,-2483.5139955917257,2328.1544828554615,0.0,-2481.5281536363764,2327.9169292207807,0.0,
396f6c80-a860-4c58-9103-2505754a72f0,0,Kurve Graben,-2481.5281536363764,2327.9169292207807,0.0,-2479.542311682191,2327.6793755861,0.0,
1082c935-37d4-43d0-95d5-8f5da01ee611,0,Kurve Graben,-2479.542311682191,2327.6793755861,0.0,-2477.5564697270747,2327.4418219532818,0.0,
8acf6b13-13d4-4d42-a1db-ad57754e2fb9,0,Kurve Graben,-2477.5564697270747,2327.4418219532818,0.0,-2475.570627771027,2327.2042683195323,0.0,
c2e03e79-b7fb-40cd-9e0f-0f61702744b0,0,Kurve Graben,-2475.570627771027,2327.2042683195323,0.0,-2473.5847858161433,2326.966714685783,0.0,
1a4c978f-923f-4bc9-ab2c-9670e4563f31,1,Kurve Graben,-2473.5847858161433,2326.966714685783,0.0,-2472.031000933028,2326.7808452891186,0.0,-2471.6005651962478,2326.717051479034,0.0,
c8cefc9f-bce0-4807-b9d9-bccbf11d8b16,0,Kurve Graben,-2471.6005651962478,2326.717051479034,0.0,-2469.6221753017744,2326.4238392254338,0.0,
20f51f5d-2838-43af-b673-4de1dfda9da9,0,Kurve Graben,-2469.6221753017744,2326.4238392254338,0.0,-2467.643785406137,2326.1306269727647,0.0,
b2281649-0bfe-4c5f-a2fa-7d124f5235a9,0,Kurve Graben,-2467.643785406137,2326.1306269727647,0.0,-2465.6653955114307,2325.8374147219583,0.0,
93ce264e-c008-4579-b91d-301bf7907f57,0,Kurve Graben,-2465.6653955114307,2325.8374147219583,0.0,-2463.6870056175976,2325.544202471152,0.0,
92fc1cf8-ca4a-4b97-841b-3c28f9452d87,0,Kurve Graben,-2463.6870056175976,2325.544202471152,0.0,-2461.708615722833,2325.250990218483,0.0,
86cb0e30-180e-4a02-98c6-71655392ab72,0,Kurve Graben,-2461.708615722833,2325.250990218483,0.0,-2459.730225826963,2324.957777966745,0.0,
a5088bf4-9660-4c19-9b45-dcd79f1265e4,0,Kurve Graben,-2459.730225826963,2324.957777966745,0.0,-2457.7518359338865,2324.6645657150075,0.0,
146613df-f774-4548-9692-c7f35e9e31c1,0,Kurve Graben,-2457.7518359338865,2324.6645657150075,0.0,-2455.773446038016,2324.371353464201,0.0,
2af11b09-dc6b-42ba-80c2-e7b8bd1af4e6,0,Kurve Graben,-2455.773446038016,2324.371353464201,0.0,-2453.795056143019,2324.0781412133947,0.0,
25698454-419e-41f0-9eca-365ceab4dca1,1,Kurve Graben,-2453.795056143019,2324.0781412133947,0.0,-2452.5699934965232,2323.8965777214617,0.0,-2451.8182667968795,2323.774617246352,0.0,
b5b30f27-cfb6-4899-81c8-8de12c994c49,0,Kurve Graben,-2451.8182667968795,2323.774617246352,0.0,-2449.8440802656696,2323.454324349761,0.0,
e5efbc0b-6135-4e36-b608-c1caeb9e719f,0,Kurve Graben,-2449.8440802656696,2323.454324349761,0.0,-2447.8698937351583,2323.1340314494446,0.0,
b0cbbe20-a24a-4a86-bc2c-3c9bbf70247b,0,Kurve Graben,-2447.8698937351583,2323.1340314494446,0.0,-2445.895707205229,2322.8137385500595,0.0,
1bb52c8b-6fda-4b49-b972-fe56e1f43707,0,Kurve Graben,-2445.895707205229,2322.8137385500595,0.0,-2443.921520674019,2322.4934456534684,0.0,
e57b02df-f2c3-47de-b2a0-f93f8651f82d,0,Kurve Graben,-2443.921520674019,2322.4934456534684,0.0,-2441.9473341414705,2322.1731527540833,0.0,
bdc20e56-91e7-4e4e-a3a1-4d5277f4b4fc,0,Kurve Graben,-2441.9473341414705,2322.1731527540833,0.0,-2439.973147611541,2321.8528598556295,0.0,
57b64c0b-7aab-424b-b657-c78e14d32ca1,0,Kurve Graben,-2439.973147611541,2321.8528598556295,0.0,-2437.998961080215,2321.532566955313,0.0,
5a35fb8d-a6d3-4e5e-b4a2-0bd030bbf948,1,Kurve Graben,-2437.998961080215,2321.532566955313,0.0,-2437.790283025359,2321.4987109359354,0.0,-2436.0442139967345,2321.1110136136413,0.0,
555e7c8d-1c73-4051-a190-24b1d86c8c9a,0,Kurve Graben,-2436.0442139967345,2321.1110136136413,0.0,-2434.0917646008893,2320.677491576411,0.0,
5082af1f-c843-4507-ad2e-d02b020b530d,0,Kurve Graben,-2434.0917646008893,2320.677491576411,0.0,-2432.139315205859,2320.2439695401117,0.0,
aa052da4-eb84-4999-ac69-cb499cbb2b3d,0,Kurve Graben,-2432.139315205859,2320.2439695401117,0.0,-2430.186865809723,2319.8104475028813,0.0,
03dcb227-57ea-403c-ab71-dcdec9d2f2e1,0,Kurve Graben,-2430.186865809723,2319.8104475028813,0.0,-2428.234416414576,2319.3769254647195,0.0,
4b3e62c5-b112-457a-bb25-ee2a6e47a815,0,Kurve Graben,-2428.234416414576,2319.3769254647195,0.0,-2426.2819670182653,2318.943403426558,0.0,
e15e1619-a794-4b87-bb25-0cdd79f4897f,0,Kurve Graben,-2426.2819670182653,2318.943403426558,0.0,-2424.3295176228276,2318.5098813902587,0.0,
6e333cfa-7cad-4201-9b9f-3fbbab6888e6,0,Kurve Graben,-2424.3295176228276,2318.5098813902587,0.0,-2422.3770682262257,2318.0763593539596,0.0,
d2e378dc-928a-4c25-825a-8250eda6d10e,0,Kurve Graben,-2422.3770682262257,2318.0763593539596,0.0,-2420.424618830497,2317.642837315798,0.0,
2852ccf4-5ae6-4642-b5b3-15a1eb9871ae,0,Kurve Graben,-2420.424618830497,2317.642837315798,0.0,-2418.4721694337204,2317.2093152785674,0.0,
e90d2bb3-6399-49bc-880c-07664f5abffd,0,Kurve Graben,-2418.4721694337204,2317.2093152785674,0.0,-2416.519720037817,2316.7757932404056,0.0,
98df57ec-0b25-47a6-b6ba-3590bb50a587,1,Kurve Graben,-2416.519720037817,2316.7757932404056,0.0,-2415.691914732917,2316.591987277381,0.0,-2414.5561051334953,2316.399324361235,0.0,
6a946f51-ea15-40ab-86d9-5e52dc2c8bb4,0,Kurve Graben,-2414.5561051334953,2316.399324361235,0.0,-2412.5842717443593,2316.0648500174284,0.0,
a381f120-10ff-4a9d-b368-b375bfe1e194,0,Kurve Graben,-2412.5842717443593,2316.0648500174284,0.0,-2410.612438356213,2315.7303756717592,0.0,
71d4f849-911b-4394-b5a7-02e823a4c8b5,0,Kurve Graben,-2410.612438356213,2315.7303756717592,0.0,-2408.640604967077,2315.395901328884,0.0,
36dd5680-3ce2-4765-8d40-eb9f163418ad,0,Kurve Graben,-2408.640604967077,2315.395901328884,0.0,-2406.6687715769513,2315.0614269841462,0.0,
f2a61809-0ee6-4c6d-bc60-672eb3eb938b,0,Kurve Graben,-2406.6687715769513,2315.0614269841462,0.0,-2404.696938189678,2314.726952641271,0.0,
d47c8dfd-ae7a-4b06-a947-415af757bf79,0,Kurve Graben,-2404.696938189678,2314.726952641271,0.0,-2402.7251047996106,2314.392478296533,0.0,
6ac46ea8-6c2b-46fe-b845-448ae820abbb,1,Kurve Graben,-2402.7251047996106,2314.392478296533,0.0,-2401.2555115605937,2314.143196974881,0.0,-2400.747005616431,2314.1127877207473,0.0,
1cd22215-bdde-4f85-ad23-1d70a26116dd,0,Kurve Graben,-2400.747005616431,2314.1127877207473,0.0,-2398.750572233228,2313.993398661725,0.0,
fe1602b2-5802-49c1-82fd-905d3583bad0,0,Kurve Graben,-2398.750572233228,2313.993398661725,0.0,-2396.754138850083,2313.874009598978,0.0,
c0ae9e08-06ba-4fc3-ace8-523b57acc934,0,Kurve Graben,-2396.754138850083,2313.874009598978,0.0,-2394.7577054670546,2313.754620538093,0.0,
db96f2dc-7f51-4481-8413-516c0b309987,0,Kurve Graben,-2394.7577054670546,2313.754620538093,0.0,-2392.761272083968,2313.6352314781398,0.0,
291bdf2a-ce75-4292-b246-1701ec588078,0,Kurve Graben,-2392.761272083968,2313.6352314781398,0.0,-2390.7648387009976,2313.5158424181864,0.0,
2a823f29-98f0-40d4-818c-d13bfa13921a,0,Kurve Graben,-2390.7648387009976,2313.5158424181864,0.0,-2388.7684053180856,2313.3964533563703,0.0,
d07696b3-81db-4c32-806b-d807f5aeede9,0,Kurve Graben,-2388.7684053180856,2313.3964533563703,0.0,-2386.7719719351735,2313.2770642954856,0.0,
0588038a-2c66-4c14-8479-d63cdb7bfcbd,0,Kurve Graben,-2386.7719719351735,2313.2770642954856,0.0,-2384.7755385523196,2313.157675235532,0.0,
4fa8adbd-22be-40d1-8270-e11ce5b19314,0,Kurve Graben,-2384.7755385523196,2313.157675235532,0.0,-2382.7791051694658,2313.0382861718535,0.0,
4374b561-0d13-43d3-90d3-777fa40f616d,0,Kurve Graben,-2382.7791051694658,2313.0382861718535,0.0,-2380.7826717867283,2312.9188971119,0.0,
b58186da-3e2c-4b3e-a012-47bfd382973c,1,Kurve Graben,-2380.7826717867283,2312.9188971119,0.0,-2380.3978275562404,2312.8958829743788,0.0,-2378.7834412589436,2312.8796163238585,0.0,
e010b29f-c3a3-42e6-9281-33ca2f17755d,0,Kurve Graben,-2378.7834412589436,2312.8796163238585,0.0,-2376.7835427788086,2312.8594652255997,0.0,
df23c123-c01d-4277-8c60-bdde65128110,0,Kurve Graben,-2376.7835427788086,2312.8594652255997,0.0,-2374.7836442983244,2312.839314131066,0.0,
53658653-569c-4db9-84c1-e1251aa27025,0,Kurve Graben,-2374.7836442983244,2312.839314131066,0.0,-2372.783745817258,2312.8191630365327,0.0,
afab6976-63fb-4be1-9d48-44f8cd58dc83,0,Kurve Graben,-2372.783745817258,2312.8191630365327,0.0,-2370.783847335959,2312.7990119401366,0.0,
b0b7db89-3aa0-4d87-91b6-2aa7748b9599,0,Kurve Graben,-2370.783847335959,2312.7990119401366,0.0,-2368.783948856173,2312.778860842809,0.0,
61a3ffa3-19c7-4ab9-9eb1-a2c540103e69,0,Kurve Graben,-2368.783948856173,2312.778860842809,0.0,-2366.7840503739426,2312.7587097473443,0.0,
0105cfba-40ab-42d4-b784-9d91b046ef06,0,Kurve Graben,-2366.7840503739426,2312.7587097473443,0.0,-2364.784151893342,2312.7385586518794,0.0,
5c866ded-c393-4b21-9aef-9ec4100342cc,0,Kurve Graben,-2364.784151893342,2312.7385586518794,0.0,-2362.784253412392,2312.7184075554833,0.0,
f74bcb7d-c0c1-4d51-b49c-a91813dccafc,0,Kurve Graben,-2362.784253412392,2312.7184075554833,0.0,-2360.7843549329555,2312.698256458156,0.0,
1c0075df-78e4-4ed0-8bc3-5930161710ee,0,Kurve Graben,-2360.7843549329555,2312.698256458156,0.0,-2358.784456451074,2312.678105362691,0.0,
79397e4c-5293-4a20-bca1-94dff68f9d63,1,Kurve Graben,-2358.784456451074,2312.678105362691,0.0,-2357.9294915804057,2312.669490684755,0.0,-2356.788961184968,2312.7704682974145,0.0,
328411c9-93e1-4daf-8f18-edbfcff6f102,0,Kurve Graben,-2356.788961184968,2312.7704682974145,0.0,-2354.7967539661913,2312.9468496795744,0.0,
5c9afce1-24c4-4aa6-b08c-9a7ca4723863,0,Kurve Graben,-2354.7967539661913,2312.9468496795744,0.0,-2352.804546745261,2313.123231064528,0.0,
d1b14972-ca9a-4312-83a4-c052b677cf05,0,Kurve Graben,-2352.804546745261,2313.123231064528,0.0,-2350.8123395259026,2313.2996124485508,0.0,
9ca458cc-430d-4191-8c4e-a32c29193cdc,0,Kurve Graben,-2350.8123395259026,2313.2996124485508,0.0,-2348.820132304274,2313.475993831642,0.0,
0f2243d7-0a88-46b2-9dc1-c12adc6cc4de,0,Kurve Graben,-2348.820132304274,2313.475993831642,0.0,-2346.827925086138,2313.652375216596,0.0,
cac3b14d-742d-4ac1-8e9a-36fdd59a31ec,0,Kurve Graben,-2346.827925086138,2313.652375216596,0.0,-2344.8357178657316,2313.8287565978244,0.0,
9072d4f0-17c8-4d72-bb8a-2db383813223,0,Kurve Graben,-2344.8357178657316,2313.8287565978244,0.0,-2342.8435106448596,2314.005137981847,0.0,
63ec54d1-af1d-45f5-9b71-af41ac9e868f,0,Kurve Graben,-2342.8435106448596,2314.005137981847,0.0,-2340.851303425734,2314.181519364938,0.0,
fccd2e69-048e-4eb6-aee3-c577941ef79e,0,Kurve Graben,-2340.851303425734,2314.181519364938,0.0,-2338.85909620428,2314.3579007480294,0.0,
81d0e8ae-0337-4f28-a868-d00b7337763e,0,Kurve Graben,-2338.85909620428,2314.3579007480294,0.0,-2336.8668889844557,2314.5342821311206,0.0,
2a6e12c2-7497-4f91-a309-b22c3434248f,1,Kurve Graben,-2336.8668889844557,2314.5342821311206,0.0,-2335.378628017963,2314.6660462999716,0.0,-2334.875986183004,2314.7235241932794,0.0,
a17fbe4d-61fd-4b89-9b56-034ccce8ff73,0,Kurve Graben,-2334.875986183004,2314.7235241932794,0.0,-2332.888935609313,2314.9507465846837,0.0,
b582809a-0d5a-42ba-95e2-9fa11ff19207,0,Kurve Graben,-2332.888935609313,2314.9507465846837,0.0,-2330.901885034982,2315.1779689779505,0.0,
8844db0d-3602-4218-b298-1b15f368b977,0,Kurve Graben,-2330.901885034982,2315.1779689779505,0.0,-2328.9148344600108,2315.4051913693547,0.0,
80baa442-0b16-49a2-a9c5-5976e3d9431d,0,Kurve Graben,-2328.9148344600108,2315.4051913693547,0.0,-2326.9277838862618,2315.6324137616903,0.0,
d3da91d3-bbf1-43d3-b192-fe282c5aa72b,0,Kurve Graben,-2326.9277838862618,2315.6324137616903,0.0,-2324.9407333118725,2315.8596361530945,0.0,
2424804c-26a3-4f36-981e-d976dbb6be8e,0,Kurve Graben,-2324.9407333118725,2315.8596361530945,0.0,-2322.953682738822,2316.0868585463613,0.0,
9ccad279-5894-4d55-a238-618ffbcaffc1,0,Kurve Graben,-2322.953682738822,2316.0868585463613,0.0,-2320.966632163152,2316.314080936834,0.0,
ed9e7e3b-56cf-4f3f-9cdc-33ff5085608b,0,Kurve Graben,-2320.966632163152,2316.314080936834,0.0,-2318.9795815886464,2316.541303330101,0.0,
47be98bd-4b6b-42ed-8f49-8f3e7a7f7169,1,Kurve Graben,-2318.9795815886464,2316.541303330101,0.0,-2318.630625111051,2316.5812070583925,0.0,-2316.9990355049376,2316.818601050414,0.0,
bb4cd75a-3648-45d3-91c9-2f915f432dcb,0,Kurve Graben,-2316.9990355049376,2316.818601050414,0.0,-2315.0198750463314,2317.106566111557,0.0,
9a785999-a2fb-4232-92d1-ff804de153a2,0,Kurve Graben,-2315.0198750463314,2317.106566111557,0.0,-2313.040714588191,2317.394531174563,0.0,
39563649-9757-425b-9c5f-a11aa16898b6,0,Kurve Graben,-2313.040714588191,2317.394531174563,0.0,-2311.0615541284787,2317.6824962366372,0.0,
1651d4e4-3684-42bd-82e7-ac3ca4a83ac5,0,Kurve Graben,-2311.0615541284787,2317.6824962366372,0.0,-2309.0823936693487,2317.9704612977803,0.0,
0a729763-e9da-414a-ab4b-6e9900cd98a4,0,Kurve Graben,-2309.0823936693487,2317.9704612977803,0.0,-2307.103233210568,2318.2584263598546,0.0,
a40a5fa4-8ba0-4625-be9b-4ac3c2d50bfd,0,Kurve Graben,-2307.103233210568,2318.2584263598546,0.0,-2305.1240727502736,2318.5463914265856,0.0,
a54cda93-6fb0-430e-a273-382babb2acaf,0,Kurve Graben,-2305.1240727502736,2318.5463914265856,0.0,-2303.1449122924823,2318.8343564867973,0.0,
621c68d6-4f17-4e66-9e53-8cb7871624da,0,Kurve Graben,-2303.1449122924823,2318.8343564867973,0.0,-2301.1657518331194,2319.1223215488717,0.0,
b4650ee0-63bb-4352-98c0-73033cec8794,0,Kurve Graben,-2301.1657518331194,2319.1223215488717,0.0,-2299.186591374164,2319.410286610946,0.0,
a238969f-4465-4fe6-bfc5-59f9bb5ea855,1,Kurve Graben,-2299.186591374164,2319.410286610946,0.0,-2297.508464542858,2319.654451704584,0.0,-2297.2080366857117,2319.7022302150726,0.0,
ae3e2d5c-4604-4384-9e88-3810d7a386b1,0,Kurve Graben,-2297.2080366857117,2319.7022302150726,0.0,-2295.232858907024,2320.0163523852825,0.0,
8c5db622-2b6c-47a3-beaf-154d4a1d5a6f,0,Kurve Graben,-2295.232858907024,2320.0163523852825,0.0,-2293.257681127754,2320.330474557355,0.0,
fe59bb17-cc50-42f8-9e07-b29516b21085,0,Kurve Graben,-2293.257681127754,2320.330474557355,0.0,-2291.282503347844,2320.6445967284963,0.0,
73b8d0ff-0397-4c9e-a648-53872111f24a,0,Kurve Graben,-2291.282503347844,2320.6445967284963,0.0,-2289.3073255673517,2320.9587189015,0.0,
7c9b4490-b805-4496-823c-c899ac5a989a,0,Kurve Graben,-2289.3073255673517,2320.9587189015,0.0,-2287.3321477882564,2321.2728410726413,0.0,
338fda13-a527-4493-852f-6745e34b3f09,0,Kurve Graben,-2287.3321477882564,2321.2728410726413,0.0,-2285.356970008521,2321.586963242851,0.0,
ccef9138-6228-454d-beba-d6562ad0eb1b,0,Kurve Graben,-2285.356970008521,2321.586963242851,0.0,-2283.381792228087,2321.9010854139924,0.0,
ba559f34-972c-4d23-be0a-e4ba58f5fcae,0,Kurve Graben,-2283.381792228087,2321.9010854139924,0.0,-2281.406614449108,2322.2152075869963,0.0,
9a06062e-e9c1-4530-a4d6-c69651a6cd1a,1,Kurve Graben,-2281.406614449108,2322.2152075869963,0.0,-2280.1923814240145,2322.408312995918,0.0,-2279.432426424348,2322.5353971179575,0.0,
7e76092d-27a2-40d9-8890-6270b7dfe204,0,Kurve Graben,-2279.432426424348,2322.5353971179575,0.0,-2277.459817741823,2322.865268290043,0.0,
7dec2ffd-542c-4578-9fef-38b7f63fe378,0,Kurve Graben,-2277.459817741823,2322.865268290043,0.0,-2275.4872090591816,2323.195139458403,0.0,
cfa4fe7f-7158-433b-8e68-f461814b42ed,0,Kurve Graben,-2275.4872090591816,2323.195139458403,0.0,-2273.5146003785776,2323.525010625832,0.0,
d77623a9-4659-43f6-867c-f5bc9612bfbc,0,Kurve Graben,-2273.5146003785776,2323.525010625832,0.0,-2271.5419916957617,2323.854881794192,0.0,
738d1180-5471-40cf-9bf0-29000ef82563,0,Kurve Graben,-2271.5419916957617,2323.854881794192,0.0,-2269.5693830148084,2324.1847529644147,0.0,
ffcc2cdb-2890-4f73-917b-406734e64d07,0,Kurve Graben,-2269.5693830148084,2324.1847529644147,0.0,-2267.5967743317597,2324.514624133706,0.0,
0ee19e45-bc24-46a6-885a-d6ef3f77dd04,0,Kurve Graben,-2267.5967743317597,2324.514624133706,0.0,-2265.624165650457,2324.844495302066,0.0,
a6011ed5-39c1-4944-b52d-d144efc466e8,0,Kurve Graben,-2265.624165650457,2324.844495302066,0.0,-2263.6515569691546,2325.1743664713576,0.0,
c47bd37a-a0a1-4969-baec-2ca140eb18aa,0,Kurve Graben,-2263.6515569691546,2325.1743664713576,0.0,-2261.678948285815,2325.5042376397178,0.0,
6fa77849-54ef-4fcc-9bae-0c1b77f87672,0,Kurve Graben,-2261.678948285815,2325.5042376397178,0.0,-2259.7063396042213,2325.8341088099405,0.0,
0ef2b104-b01e-4e9f-8a18-94cbd64445bd,0,Kurve Graben,-2259.7063396042213,2325.8341088099405,0.0,-2257.7337309225695,2326.163979976438,0.0,
c1be534b-1323-496d-9e92-c8b136c7fa49,0,Kurve Graben,-2257.7337309225695,2326.163979976438,0.0,-2255.7611222408013,2326.493851147592,0.0,
2c4aecc0-e9c8-43ba-9a3b-5b295e0f052a,0,Kurve Graben,-2255.7611222408013,2326.493851147592,0.0,-2253.7885135588003,2326.823722315952,0.0,
1bde308c-47d3-41b4-94ab-4ca0c900fe11,0,Kurve Graben,-2253.7885135588003,2326.823722315952,0.0,-2251.8159048767993,2327.153593483381,0.0,
04cdedff-ca4e-4960-876c-12ea4d6fb086,0,Kurve Graben,-2251.8159048767993,2327.153593483381,0.0,-2249.843296194682,2327.4834646536037,0.0,
d65106b0-66da-43b8-9c0f-9047154e3d08,0,Kurve Graben,-2249.843296194682,2327.4834646536037,0.0,-2247.87068751239,2327.8133358210325,0.0,
2809fd61-0893-41ec-be0a-9a83a3a6f589,0,Kurve Graben,-2247.87068751239,2327.8133358210325,0.0,-2245.8980788299814,2328.1432069921866,0.0,
dc7d7c6e-545f-4494-b0bd-6760b3dd5d73,0,Kurve Graben,-2245.8980788299814,2328.1432069921866,0.0,-2243.9254701493774,2328.473078158684,0.0,
7226519e-cead-4c68-ac5e-b3a99abb5f19,0,Kurve Graben,-2243.9254701493774,2328.473078158684,0.0,-2241.952861466736,2328.8029493279755,0.0,
4fd4a994-af0f-43f5-93e6-615213fd9f13,0,Kurve Graben,-2241.952861466736,2328.8029493279755,0.0,-2239.9802527839784,2329.1328204963356,0.0,
43bd372b-83f6-4a4a-8c38-1be74f9ddc4b,0,Kurve Graben,-2239.9802527839784,2329.1328204963356,0.0,-2238.0076441030833,2329.4626916646957,0.0,
0a1ee647-f856-4c32-9827-70f401a96fbc,0,Kurve Graben,-2238.0076441030833,2329.4626916646957,0.0,-2236.0350354200928,2329.792562833056,0.0,
238009b2-bcb9-4c68-8e76-66c0486cda18,0,Kurve Graben,-2236.0350354200928,2329.792562833056,0.0,-2234.0624267389067,2330.12243400421,0.0,
5a11309c-777d-4628-a46e-f1211a566a73,0,Kurve Graben,-2234.0624267389067,2330.12243400421,0.0,-2232.089818057604,2330.45230517257,0.0,
12cfaf9c-932c-4eef-aa70-78af7612ae45,0,Kurve Graben,-2232.089818057604,2330.45230517257,0.0,-2230.117209376069,2330.78217634093,0.0,
773a5c61-2071-4ee2-822d-75ab3b0afc25,0,Kurve Graben,-2230.117209376069,2330.78217634093,0.0,-2228.1446006925544,2331.1120475102216,0.0,
3c94c83c-a24b-4446-ac9d-702a6c199a3d,0,Kurve Graben,-2228.1446006925544,2331.1120475102216,0.0,-2226.171992010786,2331.4419186785817,0.0,
b17f1e7a-5737-4ffa-87e7-b48c176b4a78,0,Kurve Graben,-2226.171992010786,2331.4419186785817,0.0,-2224.199383329018,2331.771789847873,0.0,
21f66d9e-607f-4933-84a0-312b9ae5c01d,0,Kurve Graben,-2224.199383329018,2331.771789847873,0.0,-2222.226774647017,2332.1016610162333,0.0,
239f3715-9d20-4ca6-a08a-c33810ef2295,0,Kurve Graben,-2222.226774647017,2332.1016610162333,0.0,-2220.254165965016,2332.4315321855247,0.0,
bd276d4d-5739-4d68-b868-43031257e4e4,0,Kurve Graben,-2220.254165965016,2332.4315321855247,0.0,-2218.281557282782,2332.7614033529535,0.0,
342c478e-7e4e-4937-a00f-65a72952af65,0,Kurve Graben,-2218.281557282782,2332.7614033529535,0.0,-2216.3089486022945,2333.0912745231763,0.0,
e280896a-70e6-4c76-9294-ee9cd2eb19ad,0,Kurve Graben,-2216.3089486022945,2333.0912745231763,0.0,-2214.336339919828,2333.4211456915364,0.0,
d5194b38-abf2-44c8-b0cf-41d692d8ad2a,0,Kurve Graben,-2214.336339919828,2333.4211456915364,0.0,-2212.36373123707,2333.7510168626904,0.0,
690c391c-8cfd-4665-88e1-4c4224d010e6,0,Kurve Graben,-2212.36373123707,2333.7510168626904,0.0,-2210.3911225562915,2334.080888031982,0.0,
86d34bf1-dc77-4efe-9af0-c2d3359eada7,0,Kurve Graben,-2210.3911225562915,2334.080888031982,0.0,-2208.4185138734174,2334.4107591984794,0.0,
3f085389-7ac4-4cd4-9e28-aaa0b78b78fd,0,Kurve Graben,-2208.4185138734174,2334.4107591984794,0.0,-2206.4459051923477,2334.740630368702,0.0,
01796db0-e491-46d7-b400-24931e5fc288,0,Kurve Graben,-2206.4459051923477,2334.740630368702,0.0,-2204.4732965091825,2335.070501536131,0.0,
bc8fea28-1a75-4a15-95cb-0bf1c88707a0,0,Kurve Graben,-2204.4732965091825,2335.070501536131,0.0,-2202.5006878277054,2335.400372707285,0.0,
b5e7e169-00bc-4a2d-ab94-7939f4277b8d,0,Kurve Graben,-2202.5006878277054,2335.400372707285,0.0,-2200.5280791462283,2335.730243874714,0.0,
d90c9f1d-d91a-4154-83ee-7d13e98bca5f,0,Kurve Graben,-2200.5280791462283,2335.730243874714,0.0,-2198.5554704646347,2336.060115043074,0.0,
988a81c6-84fd-44a4-9771-dced507ddca9,0,Kurve Graben,-2198.5554704646347,2336.060115043074,0.0,-2196.5828617828083,2336.3899862123653,0.0,
8ff7e9f7-27e8-411a-9a43-42968f331721,0,Kurve Graben,-2196.5828617828083,2336.3899862123653,0.0,-2194.6102531008073,2336.7198573816568,0.0,
5cf67673-95d1-4dca-a9ce-d7dc087f74a8,0,Kurve Graben,-2194.6102531008073,2336.7198573816568,0.0,-2192.6376444188645,2337.0497285481542,0.0,
a845b0b3-fb55-495a-b513-06da0dcd3675,0,Kurve Graben,-2192.6376444188645,2337.0497285481542,0.0,-2190.6650357365725,2337.379599718377,0.0,
aefc7732-f355-4760-9947-eaf67f7f1fce,0,Kurve Graben,-2190.6650357365725,2337.379599718377,0.0,-2188.692427054164,2337.709470885806,0.0,
5afc7aab-581d-4f1e-9a43-85d0a0b7636f,0,Kurve Graben,-2188.692427054164,2337.709470885806,0.0,-2186.7198183718137,2338.039342055097,0.0,
60a23f15-e214-472f-8cef-f028682f4d20,0,Kurve Graben,-2186.7198183718137,2338.039342055097,0.0,-2184.7472096910933,2338.36921322532,0.0,
23ab5f7b-8999-425f-bdcd-25e68b01d659,0,Kurve Graben,-2184.7472096910933,2338.36921322532,0.0,-2182.774601008219,2338.69908439368,0.0,
8d13a25b-785c-4c3d-a467-154434563c97,0,Kurve Graben,-2182.774601008219,2338.69908439368,0.0,-2180.801992327324,2339.028955561109,0.0,
dfabc649-9184-4965-912b-4ae2169bce34,0,Kurve Graben,-2180.801992327324,2339.028955561109,0.0,-2178.829383644217,2339.3588267331943,0.0,
97c38464-db17-4d11-b1c0-bc6a1200f05f,0,Kurve Graben,-2178.829383644217,2339.3588267331943,0.0,-2176.8567749628564,2339.6886978996918,0.0,
fc5584e2-ceeb-450a-b18c-88199e7ccc2c,0,Kurve Graben,-2176.8567749628564,2339.6886978996918,0.0,-2174.8841662814375,2340.018569068983,0.0,
4a9defdc-86af-4a08-a617-1bd6e71ebaad,0,Kurve Graben,-2174.8841662814375,2340.018569068983,0.0,-2172.911557597923,2340.3484402373433,0.0,
765605c6-cb27-4975-a256-652fe2f6d1b1,0,Kurve Graben,-2172.911557597923,2340.3484402373433,0.0,-2172.662254026858,2340.3901302414015,0.0,
a3580947-65e4-42c0-a5ea-080ab930eab4,0,Keeve_Centered,-2445.495,2179.89,0.0,-2455.449536924704,2180.8424676449636,0.0,
