@STVEHA,2.522,-0.963,-0.365,0.000,0.000,0.000,1,-5.159,3.310,-6.051,0.975,0,2.522,-0.963,0,0,1.5,0.0,3.92386013416,-1.49777222819,1.12110289548,-0.427934922339,52.3994726082284,7.692613970794724,@END
@STVEHA,-625.220,-187.322,-1.375,2.112,-625.745,-184.674,1,-625.686,-178.545,-628.139,-179.031,0,-626.269,-182.025,True,0,1.5,-2.70000027e-07,-624.928473443,-188.79387426,-625.511355126,-185.851044169,52.3976952342248,7.683439885275411,@END
@STVEHA,-620.514,-197.394,-1.392,1.884,-620.993,-194.737,1,-620.831,-188.610,-623.291,-189.055,0,-621.472,-192.080,True,0,1.5,-2.70000027e-07,-620.247556309,-198.870163112,-620.779747156,-195.917744967,52.39760548207259,7.68351172986049,@END
@STVEHA,-621.789,-197.860,-1.324,2.201,-622.448,-195.241,1,-622.702,-189.118,-625.127,-189.729,0,-623.106,-192.623,True,0,1.5,-2.70000027e-07,-621.423470564,-199.314274223,-622.155045713,-196.404841667,52.397601088488756,7.6834931116686365,@END
@STVEHA,-624.516,-196.013,-1.207,2.341,-625.477,-193.490,1,-626.443,-187.438,-628.780,-188.327,0,-626.438,-190.967,True,0,1.5,-2.70000027e-07,-623.981704509,-197.415019576,-625.049855663,-194.611619299,52.39761723623697,7.683452556385024,@END
@STVEHA,-627.611,-193.417,-1.093,2.456,-628.854,-191.020,1,-630.501,-185.117,-632.721,-186.266,0,-630.096,-188.623,True,0,1.5,0.0112322477388,-626.920554719,-194.748328601,-628.301238364,-192.08492614,52.39764006870428,7.683406384454059,@END
@STVEHA,-630.678,-190.308,-0.992,2.436,-632.154,-188.047,1,-634.391,-182.341,-636.483,-183.709,0,-633.630,-185.786,True,0,1.5,-2.70000027e-07,-629.857519315,-191.563876912,-631.497560099,-189.051852583,52.397667508289665,7.683360493834484,@END
@STVEHA,-634.246,-186.871,-0.827,2.579,-636.075,-184.884,1,-639.217,-179.622,-641.057,-181.315,0,-637.903,-182.898,True,0,1.5,-2.70000027e-07,-633.230395611,-187.97433389,-635.262147809,-185.767076993,52.397697817300255,7.683307137980154,@END
@STVEHA,-638.424,-184.083,-0.756,2.663,-640.388,-182.231,1,-643.896,-177.205,-645.612,-179.024,0,-642.352,-180.378,True,0,1.5,-2.70000027e-07,-637.333298953,-185.112587711,-639.515506459,-183.053954572,52.397722186830364,7.683245001852628,@END
@STVEHA,-641.207,-180.627,-0.824,2.478,-643.041,-178.646,1,-646.199,-173.393,-648.034,-175.091,0,-644.876,-176.665,True,0,1.5,-2.70000027e-07,-640.187372365,-181.727219243,-642.226026196,-179.526335203,52.39775279829377,7.683203195977468,@END
@STVEHA,-644.255,-176.685,-0.866,2.559,-646.004,-174.628,1,-648.939,-169.248,-650.844,-170.868,0,-647.753,-172.571,True,0,1.5,-2.70000027e-07,-643.283112565,-177.827879381,-645.226534311,-175.542466527,52.39778772638715,7.683157354355824,@END
@STVEHA,-647.371,-172.815,-0.875,2.478,-649.101,-170.743,1,-651.988,-165.336,-653.907,-166.939,0,-650.831,-168.670,True,0,1.5,-2.70000027e-07,-646.409393107,-173.967052374,-648.331754688,-171.663896724,52.39782199710405,7.68311053825178,@END
@STVEHA,-650.431,-168.844,-0.935,2.546,-652.034,-166.672,1,-654.591,-161.102,-656.603,-162.586,0,-653.638,-164.500,True,0,1.5,0.0174652303188,-649.539619557,-170.050256965,-651.321665303,-167.636895624,52.397857195486324,7.6830645128756325,@END
@STVEHA,-653.338,-164.753,-0.948,2.524,-654.912,-162.560,1,-657.397,-156.957,-659.428,-158.416,0,-656.486,-160.366,True,0,1.5,-2.70000027e-07,-652.463383269,-165.971986353,-654.212551846,-163.534690867,52.39789348248655,7.683020700060657,@END
@STVEHA,-656.357,-160.767,-0.940,2.526,-657.949,-158.586,1,-660.479,-153.004,-662.498,-154.478,0,-659.541,-156.405,True,0,1.5,-2.70000027e-07,-655.472817944,-161.978226393,-657.241401585,-159.554982305,52.3979288208782,7.682975271910976,@END
@STVEHA,-659.332,-156.739,-0.914,2.384,-660.980,-154.600,1,-663.654,-149.086,-665.634,-150.612,0,-662.627,-152.461,True,0,1.5,-0.0149451198652,-658.416747288,-157.927097286,-660.247334943,-155.550345546,52.3979645363329,7.682930482279885,@END
@STVEHA,-662.228,-153.111,-0.877,2.217,-663.955,-151.036,1,-666.830,-145.623,-668.752,-147.222,0,-665.683,-148.961,True,0,1.5,-0.0208584296035,-661.267963953,-154.263858365,-663.18744659,-151.958302813,52.39799666738341,7.682886964401326,@END
@STVEHA,-664.872,-150.043,-0.837,1.981,-666.680,-148.038,1,-669.770,-142.745,-671.627,-144.419,0,-668.487,-146.032,True,0,1.5,-0.0167712361276,-663.867490546,-151.157384903,-665.87610157,-148.929048808,52.39802380834692,7.68284729274399,@END
@STVEHA,-667.557,-147.016,-0.821,2.090,-669.397,-145.040,1,-672.571,-139.797,-674.401,-141.501,0,-671.237,-143.064,True,0,1.5,-2.70000027e-07,-666.535278501,-148.114187265,-668.579591843,-145.918559118,52.39805057380665,7.6828070215334066,@END
@STVEHA,-670.365,-143.826,-0.844,2.216,-672.160,-141.809,1,-675.212,-136.494,-677.080,-138.155,0,-673.955,-139.792,True,0,1.5,0.0164159152898,-669.368274924,-144.946727601,-671.362712535,-142.705696897,52.39807878709828,7.682764907804531,@END
@STVEHA,-673.062,-140.229,-0.931,2.191,-674.674,-138.063,1,-677.253,-132.503,-679.259,-133.996,0,-676.287,-135.898,True,0,1.5,-2.70000027e-07,-672.166399266,-141.432272161,-673.95787255,-139.025900729,52.39811067640625,7.682724322165452,@END
@STVEHA,-675.905,-136.798,-0.872,2.223,-677.642,-134.731,1,-680.545,-129.333,-682.459,-130.941,0,-679.378,-132.664,True,0,1.5,-2.70000027e-07,-674.940314511,-137.946947853,-676.869937614,-135.649872609,52.398141045691425,7.682681630678475,@END
@STVEHA,-678.692,-133.554,-0.865,2.133,-680.443,-131.498,1,-683.384,-126.122,-685.287,-127.743,0,-682.194,-129.443,True,0,1.5,-2.70000027e-07,-677.719552032,-134.695904696,-679.664763053,-132.412014575,52.398169750333906,7.682639811208795,@END
@STVEHA,-681.344,-130.241,-0.891,2.080,-683.041,-128.141,1,-685.841,-122.689,-687.785,-124.261,0,-684.739,-126.042,True,0,1.5,-2.70000027e-07,-680.40059209,-131.407268895,-682.286818859,-129.074427586,52.39819909426902,7.682599964017599,@END
@STVEHA,-683.971,-126.907,-0.907,2.153,-685.635,-124.780,1,-688.347,-119.284,-690.316,-120.825,0,-687.299,-122.654,True,0,1.5,-2.70000027e-07,-683.047224087,-128.088460047,-684.895742833,-125.725627331,52.39822862807234,7.682560460495039,@END
@STVEHA,-686.731,-123.529,-0.890,2.184,-688.431,-121.431,1,-691.236,-115.982,-693.178,-117.555,0,-690.131,-119.333,True,0,1.5,-2.70000027e-07,-685.787113208,-124.694110302,-687.675819574,-122.36327606,52.39825854058851,7.682519002450482,@END
@STVEHA,-689.522,-120.249,-0.857,2.139,-691.289,-118.208,1,-694.273,-112.854,-696.163,-114.491,0,-693.057,-116.167,True,0,1.5,-2.70000027e-07,-688.539771603,-121.382777895,-690.503679807,-119.114945325,52.39828756264592,7.682477125863059,@END
@STVEHA,-692.317,-116.975,-0.877,2.234,-694.043,-114.898,1,-696.919,-109.487,-698.841,-111.086,0,-695.769,-112.822,True,0,1.5,-2.70000027e-07,-691.358003385,-118.128066183,-693.275748257,-115.821064968,52.398316534133755,7.682435178840015,@END
@STVEHA,-695.138,-113.611,-0.872,2.169,-696.876,-111.544,1,-699.778,-106.146,-701.692,-107.754,0,-698.614,-109.478,True,0,1.5,-2.70000027e-07,-694.17311957,-114.758757634,-696.103862682,-112.462623702,52.398346306403674,7.6823928189118185,@END
@STVEHA,-697.991,-110.383,-0.862,2.107,-699.749,-108.333,1,-702.705,-102.965,-704.603,-104.592,0,-701.507,-106.284,True,0,1.5,-2.70000027e-07,-697.014691248,-111.52100035,-698.967979306,-109.244014236,52.398374853951665,7.682350036400098,@END
@STVEHA,-700.605,-107.006,-0.939,2.158,-702.200,-104.827,1,-704.734,-99.247,-706.752,-100.724,0,-703.795,-102.649,True,0,1.5,0.0260116371267,-699.719051749,-108.216327477,-701.491243271,-105.795720692,52.39840477355042,7.682310726330226,@END
@STVEHA,-703.192,-103.546,-0.944,2.135,-704.775,-101.359,1,-707.283,-95.767,-709.307,-97.233,0,-706.357,-99.171,True,0,1.5,-2.70000027e-07,-702.312839181,-104.761678563,-704.0713382,-102.331106367,52.39843544487237,7.682271788770709,@END
@STVEHA,-705.715,-100.234,-0.952,2.042,-707.280,-98.034,1,-709.743,-92.422,-711.780,-93.872,0,-708.846,-95.834,True,0,1.5,0.0169648703924,-704.845344903,-101.456453044,-706.584646211,-99.0121063087,52.39846480077564,7.682233831548359,@END
@STVEHA,-708.037,-97.052,-0.957,1.831,-709.591,-94.844,1,-712.026,-89.220,-714.070,-90.660,0,-711.146,-92.636,True,0,1.5,-2.70000027e-07,-707.173344469,-98.277991485,-708.900477493,-95.8250317387,52.39849302704449,7.68219886218071,@END
@STVEHA,-709.897,-94.461,-0.968,1.476,-711.427,-92.236,1,-713.800,-86.586,-715.859,-88.003,0,-712.957,-90.012,True,0,1.5,-2.70000027e-07,-709.046424072,-95.6966268535,-710.746713878,-93.2249847732,52.39851600759041,7.682170843506167,@END
@STVEHA,-710.396,-93.768,-0.990,0.011,-711.878,-91.511,1,-714.125,-85.809,-716.215,-87.180,0,-710.396,-93.768,False,0,1.5,2.70000027e-07,-709.572972132,-95.022367581,-711.219484495,-92.5145803015,52.39852214839558,7.682163316350566,@END
@STVEHA,-711.159,-92.675,-0.932,0.776,-712.769,-90.507,1,-715.343,-84.945,-717.350,-86.436,0,-714.379,-88.340,True,0,1.5,-0.145315961499,-710.264016153,-93.878743374,-712.053004373,-91.4705238769,52.398531854923384,7.682151822818947,@END
@STVEHA,-713.272,-91.249,-0.338,1.244,-715.819,-90.354,1,-721.065,-87.185,-721.894,-89.543,0,-718.366,-89.458,True,0,1.5,-0.44755833966,-711.856972395,-91.7468627398,-714.687157955,-90.7518503282,52.39854431902911,7.682120385573177,@END
@STVEHA,-714.520,-91.269,-0.288,0.011,-717.109,-90.502,1,-722.507,-87.599,-723.217,-89.996,0,-719.697,-89.734,True,0,1.5,-2.70000027e-07,-713.081998114,-91.6957901991,-715.958239092,-90.8430077905,52.39854393443061,7.682102052651244,@END
@STVEHA,-714.207,-91.661,-0.406,0.551,-716.688,-90.595,1,-721.706,-87.077,-722.693,-89.373,0,-714.207,-91.661,False,0,1.5,0.0860612341224,-712.828995226,-92.2529253284,-715.585375986,-91.0687103544,52.398540467636096,7.6821067555643445,@END
@STVEHA,-712.997,-92.515,-0.504,0.828,-715.362,-91.212,1,-720.012,-87.219,-721.219,-89.408,0,-712.997,-92.515,False,0,1.5,0.314872223392,-711.683408596,-93.2393221769,-714.310795376,-91.791275661,52.3985329858246,7.682124764782689,@END
@STVEHA,-712.079,-93.218,-0.540,0.199,-714.395,-91.829,1,-718.898,-87.673,-720.184,-89.817,0,-712.079,-93.218,False,0,1.5,0.586930569633,-710.792973825,-93.989123992,-713.365810537,-92.4462334406,52.39852682319576,7.682138437264133,@END
